$ANSIBLE_VAULT;1.1;AES256
62306332663638316230643962373437353737303339663030323530616266663038343461643366
3663363466663232353339396333376562313931313666320a326231323666383235313564646633
30313339326639393166366433666233326561353139626364386535306437316364373464633264
6232636161653462380a383532643336653833303065653865373138643936646165396462666237
33303736316331646265663237363332393131633734613835396234396333313833313363323362
30666533613339613362373232653738386338646536373235343735373965656537346261383434
66386466353965376366623862303662373238386533313861366439623434616234303563653433
37346461306331356661383237646437313865616638303962336133663135346337343336376333
66373839616662333939613835626164333465323665623832303761373263316133333365303762
33633463383137366165336365646431336138343561663266363831336331333131633639633137
35393565313338663932346336303737356233636262363935636266393437646330623938393564
66376530396136616262633166656464643938326333346230336239633063623838366432316338
64346331613035663863313862386430333164366365323639633433653364383364393565393463
32643433376133306264386433343865636336623037613632316561323765333733353837666662
31663135363363633438343034386535373865326534323430616561363366623066656331326663
61613937396337366633626363346233366563373064656139323436353061356534313838333034
62633830636437356439303939396366633738326230626563393531333364316666336431306635
62653864636433646536323136633566633338373663623066373437313861636164623366326333
66636335633066386630353537393434656165373461653665663536366337613361343063343037
65393130323831656264613032616565323931393433396136366336633261663865663265643935
39326666623432643730636666356663353638643235333435333335356533663062636663383761
32366161333839336131306439303530663732633761333930313661366639656635316336656261
39333933303536356362633966323264653435643439343462636464373438373131636661353136
38346435363633636438306337663962383038383666393265326533373362393132623730393733
3737
