$ANSIBLE_VAULT;1.1;AES256
37613733613730366138326165623837333862353638323963663430623638643131356634356636
3263386261613033366332333032633730663361353939640a653063386462366632346663653363
31376631663334646137303464373266313662353439373332363937366665653430633536656332
3033363136353764350a383533656432386236633630616334363966383466663936653032303963
65366138623232376666313765663635656337636539363336663461653437366632303838666238
35336435303863626334663733356262353561646231376364373237663765336430636235613836
62626562373631646165616635626238396661636561393532616138666363613632376632646535
63643033326465356636303933376263383666386465633134333962623634393137623731633833
39333736353633626338633433626264613436646334653230353665306531376439643565313830
39656262353339653931336130663765666536666465326533613061626465323635333563626636
39653239373038313834353533396531373964303662633865656337353665336632306162313763
38623039623864653866333235396364313264633334363235316137326561343630333131646530
35366362633037393532346432643534343561653937626365333238333465646534616439623366
64316361313634613332336136306566333863343031323030393534616137326533303862633431
30336636316666376536653133333633643063353530373766613530646337383463306532376438
65373038353863363732396439366138616432353334356461366534326363373365353236653636
38303662623230366662373264663139653733643439366461373961633961623033306334636134
63616165643936323431653566353931636438306133376165383365343532623533383632346562
37346133366535376538666262353862353062656334636665383834376561373533343932386533
37613561303561356536333638396432343061373465636435316463303131356337376238363434
33303962346662323466323761636534336633346138633635393662623131623037363962376436
31366636353131613639653336323261303033616362393266336335653165653162646563326664
39353066653462613135623965646665306136663931376237373731313938313136363437393235
34626532373332643863353430323163316661666362336434633933396232353934356466646539
66396539383435653465336330343235303238303736653430306163386162366262373366646135
64636531653437346337376665363837366238343836623338336665306138333333643264633363
66316432346461313334666335363934663934353361636263633931343935316434656264356338
38626534333731373037303238386566313866393033393162333734373034336136663539323266
62393536396433613735376365346137623231376132363331306665633035663634363261333761
35326163326330333231333732626661373631616232633834666162626166303230643362646331
30643339613965306430303234626364303232373964663833613434316362613563343833363637
37336436646564646239623438663566333262313862623637653831373534393334656666613062
35386532393764653361383138383832383063343132303935346235336464376263343737613134
63613166363730316431316530353237333338366366373561616431333963383061626436633639
38656238636462326237653865613039346361656339633066303634646135333534313761646138
35663339356639376234613834623738353039636230616366636566396363363433393433306237
35383634646663326433333064353866386539336663326238623737386265363436626565663738
30333061656632333532613835663566623438626534393430326138386330383430653662386133
63343333646532386565363866653537396336646265363462616333313131356661353338643166
66663461623338633361303035373464623338376230646262356139326639383339393038313765
64373432303833323337613939363066356235396637633363346366333031636361636430343866
30393163663333613066666561386336303434366266366233336531616637353731353534636565
62313237303464636536623961663934653764373531663365363561653032303565613466353161
32366233353437303239666631626134666234383537353231353663313064313138323331313563
61663438373462393436623261613662356433373732643133653161306437353131316464373838
34353638343735613034333665346332333031323139333834636537353938313531313233336137
61616664356639643434626263636666306535626563623365363238663334393363303439643436
38333131633432373739656634656163663262633931656262656435336631646362393531316466
64623831653037306138343332323830333335663865663531376361623664396533643965346532
65393334343837643461303532646139643835633936386635653866303730356532623364316534
62343338313865343661356436613732626231636161613063643665656661313332316134623534
65643564633636333138356161346661623534313837363034663337386237633833393330383061
64636632366166303563613461333439653935653763333031323238666333623137343435383661
33303231633665623433313837323462393536386239643962343365633636386264326439643761
38386363306534336335316663613536666335383132646430353333613934653733386136663437
32616635333463623865646164383063366338306365653835313234313830363839343435313134
65343935356638613933313931393734323735636561353737636531666332663763353330343839
63393963323064303865336131306464336136616535386561663936613132356535336535616137
39363562333266383433633530343264303935626361373336646563303039376235323932613434
61633136383234393164636334356333653836303233393065623562323035333764643163306262
61393731366464366231353439346333396433333931333133323262623335323862326430343235
37636335303731616331393237633261316236643965393064386266663732623339383330633232
32306238333734386637346664643138376439643531356632323939356235303731346438313038
37643965626562623735663339343835623737663464313134623332363262323261316662663965
63343836626230643139376365346465623166306465343965393534363666316265303335316331
65386136373334393961666264643933373665386338643230313239643365396365383832303832
39616533306639303163383564643364343934643533363537646262373963623130656162613266
63663466623836346337353732393036343636633131373133666664393062643038643435666433
33386530613230646639623339326437303536303534633938326231383963353365633936326439
62333466393930346566633138653137633764393162323161356134316665636332663164333335
38386663653731666264613632326561656334303966356662666566306565656664643163323661
38656165663265316539343265643565393139623836353337393632623339316336613537363962
65643539663536353635333138663130383436643562646534363533386438663836303261343062
63633363336332633433373563616362626239313762616139646137353037346234613433353266
34643833646330316331373338376134636263336336323834313864396363636637373336653466
35633163386131373438396439666332613365643833306464356432393635353561383862396264
30303939346163636538306236303938393437393062306233313339383531616530333436336437
63623931353930666634313536303361303163613137396430376336613136353832633730336166
34383366373263626363353461333036386330333531366330623361613530633064363561333562
65636230343231393163386136353437636439383035393130636135346136613038386238663132
39643865636330353263616335636339623361376437633632353836343632393634646666663538
39353862323035373433376335353566656139343962626265643333616263366263653539653430
63313236626463366635643864646138636538323365343039303161323665306437373461346630
61336437366636313730663433393735346437366630363435643965333264386439346663333131
34313932303262653034643634323734646661373138633934383564613665356561326536313337
39316564613132613335633634393930303765616230623765653835353861326433366238343438
30303939356139356138626339323734623638656639316139346262336337386632613465333035
31306637386431653765
